0.698795181
0.689440994
0.700598802
0.694189602
0.698795181
0.690402477
0.696969697
0.693251534
0.694189602
0.691358025
0.694189602
0.703264095
0.700598802
0.691358025
0.703264095
0.702380952
0.714285714
0.709302326
0.720670391
0.722222222
0.725274725
0.737532808
0.743589744
0.754901961
0.75308642
0.75
0.770642202
0.782135076
0.802371542
0.796747967
0.80620155
0.809160305
0.818511797
0.826388889
0.836333879
0.8552822
0.848024316
0.832495812
0.830220713
0.833887043
0.828473413
0.839228296
0.844479005
0.845679012
0.84496124
0.859550562
0.880952381
0.89615784
0.893730074
0.880810489
0.870967742
0.865951743
0.869451697
0.885057471
0.888017917
0.887387387
0.877600979
0.872286079
0.859943978
0.84
0.812382739
0.733333333
0.653979239
0.585062241
0.565217391
0.581589958
0.551569507
0.572649573
0.545454545
0.561403509
0.553571429
0.543378995
0.484536082
0.453551913
0.519230769
0.484536082
0.523809524
0.534883721
0.559471366
0.578059072
